// Circle: radius 4
9.687978 30.237083 4.713540 11.739130 10.500000 0.000000 6.000000
5.000000 40.000000 10.000000 11.000000 0.000000 0.000000 0.800000
5.000000 40.000000 10.000000 11.000000 0.000000 0.000000 0.800000
7.000000 40.000000 10.535898 11.000000 0.000000 0.000000 0.800000
8.464102 40.000000 12.000000 11.000000 0.000000 0.000000 0.800000
9.000000 40.000000 14.000000 11.000000 0.000000 0.000000 0.800000
8.464102 40.000000 16.000000 11.000000 0.000000 0.000000 0.800000
7.000000 40.000000 17.464102 11.000000 0.000000 0.000000 0.800000
5.000000 40.000000 18.000000 11.000000 0.000000 0.000000 0.800000
3.000000 40.000000 17.464102 11.000000 0.000000 0.000000 0.800000
1.535898 40.000000 16.000000 11.000000 0.000000 0.000000 0.800000
1.000000 40.000000 14.000000 11.000000 0.000000 0.000000 0.800000
1.535898 40.000000 12.000000 11.000000 0.000000 0.000000 0.800000
3.000000 40.000000 10.535898 11.000000 0.000000 0.000000 0.800000
5.000000 40.000000 10.000000 11.000000 0.000000 0.000000 0.800000
5.000000 40.000000 10.000000 11.000000 0.000000 0.000000 6.000000
9.687978 30.237083 4.713540 11.739130 10.500000 0.000000 0.000000
