// line1

60678.000000
24600.000000
25151.000000
77577.000000
40630.000000
8884.000000
45487.000000
57099.000000
24680.000000
17217.000000
69637.000000
48721.000000
12389.000000
37418.000000
65348.000000
32498.000000
9034.000000
77739.000000
56831.000000
20324.000000
29404.000000
73583.000000
40629.000000
8781.000000
69735.000000
56550.000000
16545.000000
21359.000000
77578.000000
36629.000000
12905.000000
41438.000000
60824.000000
28579.000000
13094.000000
73659.000000
44690.000000
16688.000000
33417.000000
65410.000000
36616.000000
8873.000000
77736.000000
56812.000000
20620.000000
25365.000000
72970.000000
40628.000000
12820.000000
49437.000000
57126.000000
20558.000000
17287.000000
73635.000000
44587.000000
12582.000000
41438.000000
65287.000000
32685.000000
9048.000000
76982.000000
56851.000000
20371.000000
25364.000000
77641.000000
44706.000000
12732.000000
45477.000000
65250.000000
28582.000000
13046.000000
77676.000000
52787.000000
16681.000000
29391.000000
69531.000000
40698.000000
8779.000000
73700.000000
60642.000000
20480.000000
21363.000000
77699.000000
44679.000000
12785.000000
37399.000000
69351.000000
36610.000000
8949.000000
77740.000000
56810.000000
20620.000000
25357.000000
69460.000000
40611.000000
12761.000000
45346.000000
57166.000000
24638.000000
17241.000000
69558.000000
44717.000000
12763.000000
37398.000000
69367.000000
36640.000000
8866.000000
77740.000000
56830.000000
20573.000000
25344.000000
69563.000000
40680.000000
12886.000000
45459.000000
61144.000000
24580.000000
17236.000000
77650.000000
48632.000000
12316.000000
41348.000000
57125.000000
20599.000000
17343.000000
77458.000000
44631.000000
12746.000000
41433.000000
65231.000000
32549.000000
13067.000000
73679.000000
48731.000000
12646.000000
37398.000000
61005.000000
32531.000000
13046.000000
73679.000000
52795.000000
12598.000000
37396.000000
69307.000000
28509.000000
17224.000000
77707.000000
36567.000000
16880.000000
37438.000000
69311.000000
32590.000000
9028.000000
77716.000000
52764.000000
16601.000000
29415.000000
65379.000000
36618.000000
4691.000000
73699.000000
56814.000000
20580.000000
25012.000000
69403.000000
36236.000000
8902.000000
69669.000000
52812.000000
24659.000000
29216.000000
73432.000000
40654.000000
8867.000000
73700.000000
56810.000000
20325.000000
25414.000000
77559.000000
40652.000000
8827.000000
69691.000000
60893.000000
20420.000000
21366.000000
77663.000000
44730.000000
12742.000000
41334.000000
57107.000000
28636.000000
21133.000000
77719.000000
44691.000000
8451.000000
41437.000000
65163.000000
24540.000000
17286.000000
69558.000000
40416.000000
8739.000000
37396.000000
57226.000000
