//circle out of workspace
-0.000508, 0.007466, 0.005072, 0.005857, 0.000255, 0.000000   1 0 0
-0.001403, 0.020709, 0.015544, 0.013128, 0.000771, 0.000000   1 0 0
-0.002120, 0.031463, 0.027534, 0.011620, 0.001344, 0.000000   1 0 0
-0.002658, 0.039730, 0.041116, 0.001073, 0.001975, 0.000000   1 0 0
-0.003016, 0.045449, 0.055464, -0.016979, 0.002603, 0.000000   1 0 0
-0.003195, 0.048528, 0.069497, -0.040419, 0.003138, 0.000000   1 0 0
-0.003195, 0.048874, 0.082205, -0.067143, 0.003483, 0.000000   1 0 0
-0.003016, 0.046406, 0.092770, -0.095268, 0.003561, 0.000000   1 0 0
-0.002658, 0.041078, 0.100580, -0.123220, 0.003323, 0.000000   1 0 0
-0.002120, 0.032874, 0.105298, -0.149951, 0.002755, 0.000000   1 0 0
-0.001403, 0.021804, 0.107885, -0.177159, 0.001866, 0.000000   1 1 0
-0.000508, 0.007894, nan, nan, 0.000682, 0.000000   1 1 1
0.000000, 0.000000, nan, nan, 0.000000, 0.000000   2 1 1
0.000000, 0.091524, nan, nan, 0.091524, 0.000000   3 1 1
0.000000, 0.095548, nan, nan, 0.095548, 0.000000   4 1 1
0.000000, 0.079901, nan, nan, 0.079901, 0.000000   5 0 1
0.000000, 0.044931, -0.217274, 0.517895, 0.044931, 0.000000   6 0 1
0.000000, -0.006362, -0.141253, 0.393896, -0.006362, 0.000000   7 0 1
0.000000, -0.063869, -0.071591, 0.254207, -0.063869, 0.000000   8 0 0
0.000000, -0.107518, -0.009212, 0.090527, -0.107518, 0.000000   9 0 0
0.000000, -0.115631, 0.044432, -0.083818, -0.115631, 0.000000   10 0 0
0.000000, -0.083686, 0.093920, -0.248250, -0.083686, 0.000000   11 0 0
0.000000, -0.028993, 0.144674, -0.388920, -0.028993, 0.000000   12 0 1
0.000000, 0.026143, 0.202467, -0.512792, 0.026143, 0.000000   13 0 1
0.000000, 0.068012, nan, nan, 0.068012, 0.000000   14 1 1
0.000000, 0.000000, nan, nan, 0.000000, 0.000000   15 1 1
0.000508, -0.007894, nan, nan, -0.000682, 0.000000   16 1 1
0.001403, -0.021804, -0.107885, 0.177159, -0.001866, 0.000000   16 0 0
0.002120, -0.032874, -0.105298, 0.149951, -0.002755, 0.000000   16 0 0
0.002658, -0.041078, -0.100580, 0.123220, -0.003323, 0.000000   16 0 0
0.003016, -0.046406, -0.092770, 0.095268, -0.003561, 0.000000   16 0 0
0.003195, -0.048874, -0.082205, 0.067143, -0.003483, 0.000000   16 0 0
0.003195, -0.048528, -0.069497, 0.040419, -0.003138, 0.000000   16 0 0
0.003016, -0.045449, -0.055464, 0.016979, -0.002603, 0.000000   16 0 0
0.002658, -0.039730, -0.041116, -0.001073, -0.001975, 0.000000   16 0 0
0.002120, -0.031463, -0.027534, -0.011620, -0.001344, 0.000000   16 0 0
0.001403, -0.020709, -0.015544, -0.013128, -0.000771, 0.000000   16 0 0
0.000508, -0.007466, -0.005072, -0.005857, -0.000255, 0.000000   16 0 0

//fast circle
//const double theta_vel_max[] = {0.3, 0.3, 0.3, 0.3,     0.5}; // testing[rad/s]
-0.000159, -0.000245, -0.001724, 0.010055, -0.002497, 0.000000   1 0 0
-0.000465, -0.000720, -0.004906, 0.029190, -0.007325, 0.000000   1 0 0
-0.000755, -0.001174, -0.007505, 0.046509, -0.011902, 0.000000   1 0 0
-0.001029, -0.001609, -0.009347, 0.061673, -0.016232, 0.000000   1 0 0
-0.001287, -0.002028, -0.010342, 0.074514, -0.020316, 0.000000   1 0 0
-0.001529, -0.002431, -0.010475, 0.085008, -0.024155, 0.000000   1 0 0
-0.001755, -0.002820, -0.009785, 0.093240, -0.027751, 0.000000   1 0 0
-0.001965, -0.003196, -0.008349, 0.099366, -0.031105, 0.000000   1 0 0
-0.002158, -0.003558, -0.006264, 0.103583, -0.034216, 0.000000   1 0 0
-0.002335, -0.003907, -0.003636, 0.106103, -0.037085, 0.000000   1 0 0
-0.002497, -0.004243, -0.000574, 0.107136, -0.039711, 0.000000   1 0 0
-0.002642, -0.004564, 0.002820, 0.106882, -0.042094, 0.000000   1 0 0
-0.002771, -0.004871, 0.006450, 0.105525, -0.044234, 0.000000   1 0 0
-0.002884, -0.005162, 0.010228, 0.103230, -0.046129, 0.000000   1 0 0
-0.002980, -0.005436, 0.014073, 0.100146, -0.047777, 0.000000   1 0 0
-0.003061, -0.005692, 0.017913, 0.096408, -0.049178, 0.000000   1 0 0
-0.003126, -0.005927, 0.021682, 0.092134, -0.050329, 0.000000   1 0 0
-0.003174, -0.006139, 0.025319, 0.087431, -0.051229, 0.000000   1 0 0
-0.003206, -0.006327, 0.028771, 0.082397, -0.051875, 0.000000   1 0 0
-0.003222, -0.006488, 0.031987, 0.077119, -0.052265, 0.000000   1 0 0
-0.003222, -0.006620, 0.034922, 0.071677, -0.052397, 0.000000   1 0 0
-0.003206, -0.006720, 0.037535, 0.066144, -0.052268, 0.000000   1 0 0
-0.003174, -0.006786, 0.039786, 0.060589, -0.051875, 0.000000   1 0 0
-0.003126, -0.006814, 0.041643, 0.055073, -0.051216, 0.000000   1 0 0
-0.003061, -0.006802, 0.043073, 0.049653, -0.050288, 0.000000   1 0 0
-0.002980, -0.006748, 0.044050, 0.044383, -0.049088, 0.000000   1 0 0
-0.002884, -0.006647, 0.044547, 0.039309, -0.047614, 0.000000   1 0 0
-0.002771, -0.006499, 0.044544, 0.034475, -0.045862, 0.000000   1 0 0
-0.002642, -0.006300, 0.044023, 0.029915, -0.043830, 0.000000   1 0 0
-0.002497, -0.006048, 0.042969, 0.025662, -0.041517, 0.000000   1 0 0
-0.002335, -0.005742, 0.041373, 0.021739, -0.038919, 0.000000   1 0 0
-0.002158, -0.005379, 0.039228, 0.018163, -0.036037, 0.000000   1 0 0
-0.001965, -0.004959, 0.036532, 0.014941, -0.032867, 0.000000   1 0 0
-0.001755, -0.004480, 0.033288, 0.012072, -0.029411, 0.000000   1 0 0
-0.001529, -0.003943, 0.029505, 0.009545, -0.025667, 0.000000   1 0 0
-0.001287, -0.003348, 0.025195, 0.007334, -0.021636, 0.000000   1 0 0
-0.001029, -0.002696, 0.020378, 0.005406, -0.017318, 0.000000   1 0 0
-0.000755, -0.001989, 0.015082, 0.003707, -0.012717, 0.000000   1 0 0
-0.000465, -0.001229, 0.009340, 0.002174, -0.007834, 0.000000   1 0 0
-0.000159, -0.000420, 0.003195, 0.000722, -0.002672, 0.000000   1 0 0
0.000000, 0.000000, 0.000000, 0.000000, 0.000000, 0.000000   2 0 0
0.000000, 0.000000, 0.000000, 0.000000, 0.000000, 0.000000   2 0 0
0.000000, 0.136540, -0.011593, -0.037929, 0.136540, 0.000000   3 0 0
0.000000, 0.221519, -0.053477, 0.031799, 0.221519, 0.000000   3 0 0
0.000000, 0.176249, -0.123900, 0.245823, 0.176249, 0.000000   4 0 0
0.000000, 0.163744, -0.161911, 0.365062, 0.163744, 0.000000   4 0 1
0.000000, 0.140109, -0.184504, 0.458398, 0.140109, 0.000000   5 0 1
0.000000, 0.110709, -0.184500, 0.500321, 0.110709, 0.000000   5 0 1
0.000000, 0.068573, -0.170264, 0.513424, 0.068573, 0.000000   6 0 1
0.000000, 0.023340, -0.143855, 0.491561, 0.023340, 0.000000   6 0 1
0.000000, -0.033048, -0.108970, 0.442734, -0.033048, 0.000000   7 0 1
0.000000, -0.086873, -0.072280, 0.373732, -0.086873, 0.000000   7 0 1
0.000000, -0.143469, -0.033640, 0.279652, -0.143469, 0.000000   8 0 0
0.000000, -0.187250, -0.000660, 0.178584, -0.187250, 0.000000   8 0 0
0.000000, -0.219004, 0.029985, 0.058701, -0.219004, 0.000000   9 0 0
0.000000, -0.228870, 0.053678, -0.054428, -0.228870, 0.000000   9 0 0
0.000000, -0.216625, 0.075842, -0.174557, -0.216625, 0.000000   10 0 0
0.000000, -0.186185, 0.094588, -0.276042, -0.186185, 0.000000   10 0 0
0.000000, -0.137946, 0.113353, -0.370782, -0.137946, 0.000000   11 0 1
0.000000, -0.086013, 0.130186, -0.440507, -0.086013, 0.000000   11 0 1
0.000000, -0.027282, 0.143702, -0.490299, -0.027282, 0.000000   12 0 1
0.000000, 0.023251, 0.152498, -0.513150, 0.023251, 0.000000   12 0 1
0.000000, 0.072856, 0.150039, -0.501334, 0.072856, 0.000000   13 0 1
0.000000, 0.109995, 0.138106, -0.460738, 0.109995, 0.000000   13 0 1
0.000000, 0.184332, 0.110629, -0.404341, 0.184332, 0.000000   14 0 1
0.000000, 0.121346, 0.056947, -0.215687, 0.121346, 0.000000   14 0 0
0.000000, 0.000000, 0.000000, 0.000000, 0.000000, 0.000000   15 0 0
0.000000, 0.000000, 0.000000, 0.000000, 0.000000, 0.000000   15 0 0
0.000159, 0.000420, -0.003195, -0.000722, 0.002672, 0.000000   16 0 0
0.000465, 0.001229, -0.009340, -0.002174, 0.007834, 0.000000   16 0 0
0.000755, 0.001989, -0.015082, -0.003707, 0.012717, 0.000000   16 0 0
0.001029, 0.002696, -0.020378, -0.005406, 0.017318, 0.000000   16 0 0
0.001287, 0.003348, -0.025195, -0.007334, 0.021636, 0.000000   16 0 0
0.001529, 0.003943, -0.029505, -0.009545, 0.025667, 0.000000   16 0 0
0.001755, 0.004480, -0.033288, -0.012072, 0.029411, 0.000000   16 0 0
0.001965, 0.004959, -0.036532, -0.014941, 0.032867, 0.000000   16 0 0
0.002158, 0.005379, -0.039228, -0.018163, 0.036037, 0.000000   16 0 0
0.002335, 0.005742, -0.041373, -0.021739, 0.038919, 0.000000   16 0 0
0.002497, 0.006048, -0.042969, -0.025662, 0.041517, 0.000000   16 0 0
0.002642, 0.006300, -0.044023, -0.029915, 0.043830, 0.000000   16 0 0
0.002771, 0.006499, -0.044544, -0.034475, 0.045862, 0.000000   16 0 0
0.002884, 0.006647, -0.044547, -0.039309, 0.047614, 0.000000   16 0 0
0.002980, 0.006748, -0.044050, -0.044383, 0.049088, 0.000000   16 0 0
0.003061, 0.006802, -0.043073, -0.049653, 0.050288, 0.000000   16 0 0
0.003126, 0.006814, -0.041643, -0.055073, 0.051216, 0.000000   16 0 0
0.003174, 0.006786, -0.039786, -0.060589, 0.051875, 0.000000   16 0 0
0.003206, 0.006720, -0.037535, -0.066144, 0.052268, 0.000000   16 0 0
0.003222, 0.006620, -0.034922, -0.071677, 0.052397, 0.000000   16 0 0
0.003222, 0.006488, -0.031987, -0.077119, 0.052265, 0.000000   16 0 0
0.003206, 0.006327, -0.028771, -0.082397, 0.051875, 0.000000   16 0 0
0.003174, 0.006139, -0.025319, -0.087431, 0.051229, 0.000000   16 0 0
0.003126, 0.005927, -0.021682, -0.092134, 0.050329, 0.000000   16 0 0
0.003061, 0.005692, -0.017913, -0.096408, 0.049178, 0.000000   16 0 0
0.002980, 0.005436, -0.014073, -0.100146, 0.047777, 0.000000   16 0 0
0.002884, 0.005162, -0.010228, -0.103230, 0.046129, 0.000000   16 0 0
0.002771, 0.004871, -0.006450, -0.105525, 0.044234, 0.000000   16 0 0
0.002642, 0.004564, -0.002820, -0.106882, 0.042094, 0.000000   16 0 0
0.002497, 0.004243, 0.000574, -0.107136, 0.039711, 0.000000   16 0 0
0.002335, 0.003907, 0.003636, -0.106103, 0.037085, 0.000000   16 0 0
0.002158, 0.003558, 0.006264, -0.103583, 0.034216, 0.000000   16 0 0
0.001965, 0.003196, 0.008349, -0.099366, 0.031105, 0.000000   16 0 0
0.001755, 0.002820, 0.009785, -0.093240, 0.027751, 0.000000   16 0 0
0.001529, 0.002431, 0.010475, -0.085008, 0.024155, 0.000000   16 0 0
0.001287, 0.002028, 0.010342, -0.074514, 0.020316, 0.000000   16 0 0
0.001029, 0.001609, 0.009347, -0.061673, 0.016232, 0.000000   16 0 0
0.000755, 0.001174, 0.007505, -0.046509, 0.011902, 0.000000   16 0 0
0.000465, 0.000720, 0.004906, -0.029190, 0.007325, 0.000000   16 0 0
0.000159, 0.000245, 0.001724, -0.010055, 0.002497, 0.000000   16 0 0
